130073
181375
412798
31296
34430
275610
752706
770322
83176
216514
81980
327461
16092
348573
1289085
1511102
1698444
212905
272743
92461
322473
56462
122126
33883
97404
191992
32764
116563
141310
477553
35632
152137
285046
160627
51980
174132
793472
220677
60415
704778
42961
340997
356697
356798
19808
72911
169033
290314
105178
132213
96145
156152
225431
300470
88253
88566
89174
173170
464855
653008
275940
276156
276659
318164
129767
297250
351106
273326
273420
273033
478088
691432
691636
43648
39108
89648
122930
204709
435623
681649
681955
711989
790758
1003749
1003994
480665
271883
723703
748361
816704
994589
994589
41860
42019
186940
40668
421984
427252
9412
236998
476571
571127
586021
83503
998532
68192
139874
18362
558405
44976
423
2694
94781
12966
697679
911142
326416
487432
320130
818715
5326
5445
108258
9753
10028
10097
10267
49988
98535
1020948
218691
507472
1223125
2562
474627
628920
241799
20197
20046
341574
850415
880554
1081001
1081821
1139790
210051
222529
350030
412640
412808
438214
559523
674550
254722
42459
64507
135398
10025
187151
196514
196611
666766
220655
472051
472239
833826
419382
419578
975
387345
551841
645456
19497
19720
1028906
1059030
1221302
242359
251395
335786
561151
754066
754308
691
22265
127689
103412
538797
44361
619160
619231
1101519
1631505
222205
222281
397741
397741
339240
122577
122697
17128
1031942
18277
224222
13097
123527
87413
87708
688588
31535
31773
39444
39616
29746
285429
228421
326765
4076
199596
217684
517956
104048
104124
192680
7082
88626
444487
104855
39098
226439
226613
102043
162646
398859
243446
515962
1022730
1060790
140587
91711
109880
357988
180890
26582
26608
168772
1155222
1475377
342808
19379
315994
304883
65257
21051
1145931
12147
19000
1268
172996
32893
128138
214732
404040
184275
16733
76278
471433
837013
837217
1109463
32632
189376
360516
798500
1263267
1322894
1323125
1535183
23815
184
133167
133429
1117886
1123634
169236
254632
26500
499623
106759
135835
21485
457944
457944
20942
180791
180993
251533
35921
44703
103614
184309
184480
387246
1092727
270717
1210925
1307162
1339965
2056
862268
99038
57643
57769
135684
232153
301194
62666
333394
333394
512002
150912
483106
450047
850068
20150
71946
32944
463000
752055
752243
56043
308513
138200
50583
50583
78511
635774
82878
366316
699372
555365
144973
145112
440218
440383
120382
739217
919037
1154673
27839
17168
44571
199125
236072
323937
130501
21291
52805
52409
52632
510743
616500
988515
1312221
1312260
1416980
708729
31363
309087
309214
150619
7716
17221
92152
183323
793573
2660436
223425
309304
309443
236613
431910
74741
92031
396665
366762
366952
44139
170318
170318
417558
763153
25493
105339
61723
46999
101085
112501
698520
62915
299497
99121
99203
238273
25851
152635
152898
175487
350250
164020
414579
13434
198423
198543
114075
89790
31160
104868
84330
36716
36716
796609
797093
797093
89128
104345
192488
198164
8267
53069
22154
25995
26154
73445
77280
209980
275494
17381
38798
85252
14511
852922
1151256
421609
53106
152121
545332
29893
6150
778647
1135589
1575244
1908140
96589
668210
668210
74950
225073
493991
494120
503012
1903252
513605
637646
56179
139694
1209534
279938
361619
882137
259360
76145
85546
360349
276150
320630
572233
774966
82538
126702
332652
343710
350133
368783
377424
1078036
1159166
1159420
2030886
3136066
3276300
303863
214214
214491
233400
310137
97824
212426
54144
54358
404060
465775
465913
440026
448946
2677895
382193
538404
453324
677370
86789
774120
854042
146306
146416
133343
133551
161055
454246
929694
1546844
104457
104691
146004
35588
88030
85727
85891
334511
334555
315787
317689
159563
206366
270266
280261
417765
417765
6029
82514
119799
309766
588486
588676
941861
30295
238616
47636
12073
298993
344373
16598
325218
144875
583368
24573
100220
750410
887768
134420
202249
348149
769281
9779
277886
277996
283600
283758
198713
111208
206682
754034
754182
9431
69046
983022
1114633
1194212
41068
599337
776197
850615
863106
89287
26129
3373
1476
201568
201677
5687
38765
18932
50840
35290
38121
103340
49375
49118
36122
58368
442525
61332
161850
12997
187110
622934
136277
153195
15876
72031
72097
496574
1468
1063997
11741
320706
320861
325862
326129
252527
19123
1374605
116557
415115
561608
308950
309016
248584
765977
1238401
1462076
93335
34873
34994
746604
1011607
1011825
1230744
191735
43331
55630
429790
83274
297364
297595
70737
70930
2446
2481
208181
736954
107812
125077
6190
189193
496937
496937
106877
224335
311716
536473
540562
568743
568931
593667
120999
121201
470359
300069
108121
527390
39497
19934
20100
102710
65251
206834
178786
133716
207236
517515
517695
766
44725
43720
240108
41496
61317
206964
145915
505478
35060
142699
236162
77948
55310
55452
443024
443098
9691
351829
360596
51311
14408
349759
619931
768522
768522
10313
152358
233435
379924
380165
15345
19169
318019
152060
204575
1044614
40975
461413
367079
534314
534449
658924
659076
188834
136707
331205
331366
349162
349361
536901
701047
556644
48418
267971
7311
407984
5783
495840
12642
103633
69643
92090
22994
68246
252311
426536
558942
559111
20738
1503
55732
55863
260993
279727
330230
79266
19663
19767
306054
631073
787900
787965
161878
439672
439672
575897
24107
27292
27426
139939
36420
36442
366646
367215
84085
104978
27273
212642
58878
118652
281748
34893
80289
91051
32923
33083
243620
1149955
1321638
141686
815097
14361
4681
33677
37950
165011
143310
150280
37736
263377
48358
92905
138633
147069
147423
315345
819317
76440
290103
369033
51770
71072
344383
37955
513933
516729
630033
630147
649853
653400
212390
217912
218833
107246
306884
934420
956575
1012212
151423
43368
4258
62002
267320
267320
21955
55489
157179
223825
40808
17841
148402
2548
167011
8920
30024
96642
26974
49820
282280
201186
339026
339279
98671
1926892
18278
18432
332067
170579
26325
296876
16180
799715
945410
945616
1145796
1062861
3220476
182215
840812
1928842
1928935
2381810
37532
111910
112174
315659
167480
217084
209825
62270
155317
60600
127209
271507
271706
377049
154368
356275
13665
271058
304635
551312
978622
15678
11235
2131
217155
319673
609804
609927
51727
152260
27201
198800
309380
18349
53562
538404
538555
555270
65216
76960
90441
274145
327666
410160
410249
486167
486167
362
1570
2777
170065
462787
648821
648847
948130
506225
530294
14449
34862
274193
3106
20883
72775
607511
963222
95247
138734
264464
292974
293183
332831
28992
551271
551598
146097
287949
273
52919
574594
90301
114288
114393
555027
572096
624882
218221
647071
647151
376127
720
330368
552169
552281
102338
302553
95314
14656
17742
9508
471788
735246
815119
643990
1849176
50870
1846540
1846540
23654
500577
172528
143504
43958
88189
111405
111611
626069
626155
353345
232907
845899
1332221
1442159
11469
440485
440485
865777
274857
17547
817464
238519
313405
18103
66706
66947
71427
71585
71706
190217
290133
317400
119477
302681
315380
527777
683405
1198423
1666752
24527
24704
247008
81889
111823
149083
72250
99018
1206783
1278149
1280620
15394
38632
442465
141230
515732
570476
570640
990340
6978
7221
240978
611880
5796
118901
133428
724621
724621
113148
310209
173662
58059
58188
213032
270221
555609
841452
1031349
1041844
1042077
10317
10503
416657
715912
750874
3194
194421
1235717
31268
62502
173106
61231
38718
70595
91450
443826
134929
135190
573765
111423
673728
694828
697358
697358
834300
111294
501019
61893
63662
240740
231834
232130
381839
382092
190326
696334
196271
196385
733463
1185240
744972
379032
421545
512636
1531365
1552339
1557850
1621984
313313
34971
1530952
22678
94308
1257390
1264468
32911
33082
273952
466101
733163
90797
222555
670162
1587737
1587905
326402
298361
141873
290087
391670
43493
364778
365090
702611
719
919370
994735
1628693
1628890
44964
278819
307325
430310
430459
556100
1006973
106479
163959
164168
164687
207329
207329
1003250
1003354
55635
55719
118966
1102466
268556
885242
990914
1237005
32138
140379
40392
16700
28594
752838
28212
181054
181309
86242
183966
184140
86904
291309
437992
42377
10142
22848
94787
95037
179705
4395
15274
38676
143501
159355
174229
219895
1102687
359636
1021416
1067467
444522
617291
1077172
582814
3491
380624
877860
992556
530962
248701
537290
543664
543664
1098713
1098713
889488
889580
210693
67433
207687
207687
245465
195130
245110
24257
401653
1951620
143787
41581
212188
212227
611554
1102054
1102192
1841083
245475
47727
47907
630157
725359
705524
101378
1467409
1467409
1865987
1866088
1988351
2671142
92974
224133
439931
301012
447757
375393
450003
911764
178490
10471
1563463
111160
91500
1124801
92443
286421
301124
579040
73467
73467
414621
144795
800687
4063
4112
655036
894428
1116422
1304710
1304710
33249
338673
817551
119511
160344
728397
225923
27224
96651
105620
119613
561637
745629
802067
308484
44557
72930
245111
283629
13200
60375
60784
267419
741391
681037
844931
667731
1248
2213
262572
1117110
1117257
752419
599436
615851
616100
845921
27931
340343
340540
705090
842569
867414
867474
884288
1217059
46035
46228
984267
1594476
263945
264044
294587
1718997
242971
243063
262726
116524
162080
1634491
3893244
3893418
4200137
91063
143731
143793
9930
161995
601860
56693
514346
530157
1121551
104799
241131
483096
826015
969823
16023
125080
179321
149314
515014
549903
550762
784413
784413
1190787
235043
235248
117077
814266
405519
421630
130671
183894
412899
557655
617669
619956
756799
97425
1231841
1568704
1612065
1993150
2178729
1191726
1272996
82965
221337
663576
811277
350362
19281
238894
239004
370887
851239
946557
1491783
2046538
2046692
2089145
2175427
2538699
2835911
2902659
2902795
2912241
2943293
2946724
2946752
2947072
3438601
1213976
268693
26019
29840
122305
131542
176453
176612
420140
861209
1074663
1524189
1569317
1665701
98622
98752
518276
175715
292267
469761
469830
173010
173010
170687
265357
91735
305521
711141
538348
746722
801473
75378
240762
321736
26076
455521
30197
138269
796241
1116944
1136786
1319894
276576
866767
866775
893094
30328
192148
268791
492513
2332277
30953
791530
1433367
146936
56211
186466
907857
23071
859452
300065
37536
186221
896173
1152797
1182001
51382
328491
1467097
115683
806807
870725
1187159
1187344
222111
21596
153015
717987
434077
19374
226482
226482
743195
1066364
121999
122144
122144
387216
1850628
39757
39757
284841
430641
452069
653344
785042
869728
870017
42164
73125
120303
46534
1079368
26707
169418
497933
856249
1226618
1575598
26405
745429
834250
834250
919079
1095136
982078
919170
485210
485439
527127
79629
34637
419256
419422
174401
97334
149967
112707
549484
555
109906
110202
241613
301865
419150
441686
328216
368618
368712
552741
552979
593030
593301
661981
823181
290658
110982
576656
114438
195474
589621
211972
165721
575264
146206
179083
179186
31895
24373
529459
222883
223033
309531
334960
69041
523311
125136
786190
851644
2239892
2812388
150132
24727
1079262
1148530
165192
40181
952859
1608029
1614729
1668479
1288949
2411055
3097199
76760
58504
228129
238794
248613
440097
440097
521074
1088595
557405
368804
92993
167460
246780
97814
142265
97368
20052
8803
13754
65182
85668
85891
106112
445840
466127
646801
719454
727940
728082
72893
317149
63932
573207
5382
199642
113458
423709
1112967
65677
163093
163710
81113
40364
102484
173018
230127
246500
231962
232110
75944
84356
467619
19394
65397
104710
182758
223617
523420
1264384
1342427
1991349
2096377
2515903
519304
902364
1125936
17814
88381
669160
39982
128959
1565271
1688769
1706178
1770173
1770322
404477
78964
305122
839537
945331
56285
56285
231680
578752
578807
22335
134870
153499
193986
316426
316538
728243
797194
38342
109951
3451
1382001
2074486
2329810
254899
62668
74080
212728
304061
345311
176566
176745
825040
853904
86203
291247
291431
619634
952744
1125389
13051
219290
553806
1548355
1577919
204722
301118
499017
53238
176934
185170
8410
989265
305927
1536531
1784647
1794282
2032880
2204283
2465027
3109019
3261988
3268725
3268878
28294
80854
462751
467435
647691
733750
1074645
1074783
1827091
1827148
351416
61106
61221
120446
398548
875674
394818
425023
605912
47866
579460
1104327
1104327
1298063
1522807
252051
264699
342536
270941
271005
362579
404195
201933
59630
165246
165381
261240
420444
673856
302559
302611
528765
246055
267519
748241
672247
672280
835805
144165
378186
383323
833361
1067062
1202780
2376578
2376842
4483315
4483365
125075
125151
138169
1139271
981563
284112
307145
2225218
4541566
677215
426459
541346
541463
96085
103068
504481
504672
544702
886807
886977
1391059
1438476
1505836
140347
217027
217246
221924
303122
401578
448572
485994
634841
49205
118204
168638
138375
358756
191750
206440
548078
548215
595682
596002
235634
300946
676867
621586
312610
505637
241681
279201
572355
61541
61541
250750
183046
4165
368100
187542
600175
1236865
54501
421629
448700
126240
126448
250551
22026
22239
188903
603865
628114
628114
81931
37693
342920
378422
378501
405023
405038
394801
407881
497745
498502
768244
67791
229705
229861
79166
972935
1314084
1442674
886051
886051
1080218
1080218
1080642
1969263
883830
915032
926273
1002467
2273974
258956
197009
189318
926331
287831
21289
78113
233013
57417
231360
1113360
485426
1022371
1044025
263705
427907
4799
4924
44505
758268
502308
523042
523042
220472
278916
311994
310634
67383
567817
1061875
41398
793679
816714
595647
267919
1254922
104868
153828
426339
662567
129879
60153
64629
1606853
1732507
1962731
1962731
367478
367528
127805
949219
20548
221854
222029
610639
30647
30837
84231
46093
239896
262995
318485
568118
286856
46371
210618
210723
318935
70980
174027
209291
209510
63805
388027
655236
655336
281111
1211150
1576045
481642
985240
171544
508816
11295
200749
43661
56064
279724
335809
335944
551746
367922
400670
10134
208402
208642
152024
205038
349814
381960
55065
55257
484375
558571
18865
5057
347194
37069
662404
857121
861006
940447
1645471
190514
625956
873897
977098
1035465
9428
376521
187131
187321
196330
1580398
2672
99852
323727
711020
747232
115818
146230
358609
151924
151924
204635
797217
115527
440130
1144327
509063
636796
657399
657514
674482
32484
719270
1065058
1081001
82929
906334
108128
258616
932226
1250280
568167
35940
127138
1076794
61375
61564
3787
27097
952898
70072
264756
264756
163204
173808
806100
358293
51159
156843
165873
165873
208633
277453
69050
303003
16533
80218
221001
949747
1180986
1181121
1310798
118780
545032
309893
300875
300963
635118
725156
145200
24614
16767
315975
321758
9454
363505
637784
657836
690465
866914
1050907
1083681
1101419
1445592
391283
224832
290252
290443
303643
303643
400973
581097
652876
671069
15256
257363
53175
324870
377599
338420
150232
74503
448648
53564
15651
876787
493935
972635
33890
34184
199167
219791
529028
455757
360265
360457
369941
610014
556743
99614
129941
381595
381595
563171
259738
370293
370468
25645
313770
314236
537772
725766
968205
994207
256076
256181
985524
1227277
1341964
1614945
812277
812429
10543
10543
59974
60283
746397
778380
990585
148529
148696
34762
505859
1135180
1538438
142483
142695
160868
183060
24441
106215
182836
443653
443793
446063
446234
29778
212489
64766
99217
400048
400053
425595
20457
344704
105275
225374
234705
235073
1475996
1476224
1548229
1602120
388626
135689
87010
31688
31822
358485
358485
726140
1349776
692422
1082766
1596100
122991
196782
96160
476224
656120
8734
90659
689707
879232
1214487
1222646
1278839
1749998
1750112
1750255
1761031
343758
5240
17032
38774
38816
85452
1366807
1483212
1544664
1829193
2016323
2134457
2202674
307794
127646
211697
1105605
153522
153687
202038
202233
277976
84904
1437545
202554
206902
426370
431504
1071787
1088186
1185299
278173
282967
437793
1701974
1702124
79757
371366
33174
14976
372745
348742
435971
436070
572440
377394
377575
857998
66969
94025
94917
95054
151799
550406
129245
299081
448676
1434425
623667
1053127
1781111
10195
50241
61950
390055
148517
21366
84257
299291
327080
327329
442967
443090
482530
112938
365502
435552
258794
258973
553573
12621
41513
393091
370693
371543
257374
215232
362732
362732
404595
653651
520382
36458
315503
585787
585956
1028319
258543
71525
205459
583924
584097
165248
182368
182513
684947
810554
810681
39023
254337
502830
502830
774667
774771
116865
487967
508106
88140
26197
83868
16271
214145
214336
508889
509043
889806
91475
205854
206138
699910
700076
770094
1171448
896835
215213
520839
520927
513133
634467
691452
691575
816660
129282
513216
513216
57347
91193
451778
513034
34518
58942
54409
430259
668039
677494
705505
136268
148877
576926
18644
114518
173195
343593
343915
551917
886125
1187991
1409738
1519767
1519951
2060329
245233
834227
836602
125900
126148
338454
107330
105254
118652
150468
971297
309858
318618
198877
162744
285575
191252
191252
927939
483809
490095
461982
551468
551611
24540
24785
30725
461259
712383
1152956
94250
829451
880815
1070563
403060
238777
858837
435088
545669
545669
1101446
1508615
167875
77855
17984
336651
452637
2126559
667244
778237
778390
951584
1086747
1086882
288681
124662
124927
229471
229715
526198
709449
129624
138009
14131
26724
827207
143436
24521
238370
18297
20588
20693
122358
339683
64398
873539
310377
318123
318299
323172
323365
1302952
745146
745379
38836
42184
225998
451195
106882
778871
15895
49719
68507
69343
79740
68173
68292
307529
71599
262473
403312
227982
306219
55725
361844
96215
96043
644238
402162
2282
60467
365547
724596
724797
795084
103638
103877
105239
934838
1119087
373046
124184
124331
34012
325762
796304
1207675
238892
238892
508449
1367250
208330
321076
188627
490528
589390
164484
31538
15620
201097
251356
172977
226856
384052
519720
317599
463942
72366
85797
884727
228561
1071895
1071972
69847
138869
166206
32655
87723
233006
440069
440082
652427
672550
672832
124222
175268
453641
453722
154459
14535
326099
82415
300160
859300
859300
868175
155137
328790
631242
9137
314621
1012609
1922759
2257803
331455
120302
84563
115058
211168
31206
387750
388023
142397
21454
24307
7129
1202693
1202811
380681
614420
614420
42796
42931
53423
39061
39256
68173
89281
503996
455655
515898
1089270
310893
105492
19181
114841
212795
56385
56558
81520
42301
143156
143156
12702
123284
129642
129805
41300
584641
678752
834592
18479
206785
262135
646757
445088
48250
327111
358876
436614
650208
675194
675383
203287
730186
719437
735236
1310540
103868
410518
165650
21428
16897
214874
565848
666045
825100
1126681
1341728
1504870
63040
88237
124045
133724
180511
282334
134519
374663
118265
118448
163289
204254
719487
785751
932048
97208
66197
1875
2358
13733
68453
172076
310731
181994
182125
329878
118710
160122
97724
36264
67100
544516
797924
316495
511527
511630
811419
851129
939602
939721
1013111
139129
442028
1023850
1127277
117576
117689
644132
120022
396488
36221
97918
97947
21384
1318713
7395
290173
1895869
1895942
1948578
17082
270534
270632
139183
304647
310178
511475
63777
523222
177551
77277
77383
63671
94556
530044
280346
248481
443355
41953
1622500
119278
119434
180816
242163
397090
2893360
200736
200954
145883
39764
195378
414953
335773
120298
122927
39561
56127
275856
275959
429186
229121
242289
425173
51250
190784
190890
252470
252711
121012
44764
103224
447080
449435
119294
228664
444206
587179
647354
60621
121170
306011
1571379
1571457
42109
490124
362815
65206
47686
47725
77737
77957
11752
26767
27052
396784
925421
86605
88676
1399
120916
182760
193949
49546
295617
404947
405156
1049289
105391
14231
113871
497488
647549
647685
240950
33077
43837
7323
302179
7955
8098
8222
29889
656570
656570
91390
219010
614376
41455
315819
184949
323671
728935
558982
47232
309375
381840
505760
505868
511892
367941
111164
9303
4757
488284
331344
485172
742980
33472
111634
33385
24912
25006
69923
121521
189402
6465
128093
359275
151674
481310
523214
596486
744743
1018315
135441
135724
66151
291354
461956
461956
30821
74899
91920
3017
211410
266950
191163
359620
642305
685512
958089
2318150
2318150
331126
493622
898258
13351
71151
192135
218586
303235
588234
866227
575570
150207
75908
276293
237835
1677127
1677379
2309276
33048
294023
353053
45296
259007
259088
8845
65715
65715
142686
82528
196804
172329
192641
192879
24035
49749
212904
400027
51950
3175
11202
349753
1153687
1153687
1632099
284690
662897
456406
517947
326684
352255
672404
745823
7620
442999
627370
206865
538727
339137
27083
27240
36558
79589
638873
370732
371058
387159
751602
996723
996865
1058364
1157991
1158231
